1000000
555
683
723
394
167
149
246
187
571
618
680
416
332
714
174
367
 11
336
 86
257
114
604
310
708
284
744
113
 94
162
641
438
429
725
603
108
731
363
102
155
175
298
646
290
593
543
382
 48
 73
501
 10
222
514
657
 11
 35
119
113
616
410
524
592
738
325
354
658
332
164
628
226
183
126
378
 23
575
355
183
269
354
159
542
246
446
528
110
382
268
  4
727
 76
738
595
622
425
739
228
506
 84
535
481
253
336
449
188
611
656
 74
308
241
705
 67
512
576
546
145
583
509
327
106
137
708
596
 12
486
327
382
492
565
 45
255
738
644
746
 72
665
 38
578
717
 22
647
627
109
 91
733
689
326
664
631
329
674
560
608
554
243
321
229
620
521
444
287
564
410
639
407
304
132
512
573
286
454
 14
507
480
442
122
223
447
422
184
111
690
318
684
206
663
200
268
475
417
665
 31
 73
425
480
 70
345
601
498
517
 80
749
650
211
219
740
280
622
626
330
716
171
475
613
549
424
341
674
312
157
 63
456
126
696
590
715
235
300
567
584
495
690
128
426
  5
230
 77
441
719
367
324
609
299
736
679
384
110
592
246
580
 26
737
483
333
304
745
302
652
381
733
738
446
231
612
 57
368
221
690
660
376
536
173
232
499
609
481
182
150
145
200
551
540
333
103
190
 37
 63
 45
229
 50
512
724
497
267
119
480
208
191
340
190
189
563
430
420
533
625
238
661
 44
415
 80
221
520
414
132
229
 80
336
268
 87
666
 66
378
745
519
380
349
 11
538
177
 99
551
626
453
158
175
573
 59
513
 57
608
185
423
148
525
676
241
657
338
666
652
398
343
228
341
726
593
175
500
186
 44
219
373
142
 32
414
388
320
158
270
288
359
  4
336
527
146
 63
631
 63
286
732
628
516
349
720
563
 71
 70
 52
633
157
694
211
 16
422
480
367
 40
517
638
555
521
707
579
474
334
157
718
 25
712
574
677
539
399
212
334
 92
 27
 56
199
313
 15
 11
 77
 84
302
391
720
723
128
598
400
208
195
217
195
445
267
179
314
 77
553
735
669
726
552
172
598
 89
102
244
161
610
463
270
446
385
256
445
551
474
750
 43
424
468
123
718
156
345
304
542
197
419
232
327
684
454
 34
168
353
700
503
336
349
432
715
711
 52
502
666
555
440
485
257
100
 16
329
191
362
 39
400
419
