  0
 12
 42
 70
 27
 61
 53
 49
 53
  8
 97
 19
 46
 81
 87
 86
 74
 57
 32
 66
 28
 87
 39
 38
 30
 14
 63
 62
 78
 39
 30
 18
 43
 16
 34
 64
 35
 66
 63
 70
 17
 53
 53
 66
 12
 64
 92
 82
 93
 51
  4
 27
 39
 24
 84
 16
 48
 87
 38
 83
 38
 99
 82
 54
  6
 42
 86
 13
 58
 62
 13
 55
 42
 42
 31
 72
 21
  5
 75
 72
 82
  5
 74
 14
 79
 18
 65
 49
 34
 33
 44
 50
 94
 89
 41
 27
 30
 60
 60
 74
 73
 33
 54
 57
 86
  3
 62
 96
 55
 79
 52
 98
 57
  6
 98
 50
 78
 54
 92
 65
 71
 15
 55
 53
 61
 12
 82
 42
 27
 11
 41
 74
 33
  7
 72
 19
  1
 89
 39
 10
 14
 14
 56
 68
 51
  5
 54
  6
 36
 91
 58
 18
 42
 90
 64
 92
 24
  7
 21
 98
 59
 34
 11
 95
 36
 38
 37
 65
 37
 30
 10
 77
 37
 53
 73
 98
 52
 67
 17
 73
 94
 16
  6
 58
 79
  6
  7
 10
 31
 97
 50
 60
 98
 48
 60
 73
 97
 39
 39
 95
 31
 27
 56
 47
  8
 63
  7
  8
 77
 85
 32
  1
 88
 97
  2
 74
 90
 49
 80
100
 62
 87
 47
 44
 53
100
  1
 53
 42
 34
 72
 15
 14
 78
 63
 43
 64
 32
 91
 19
 77
 16
 57
  2
 18
 65
 43
 12
 89
 98
 87
  5
 40
 63
 31
 21
 74
 22
 22
  8
 78
 33
 77
 24
 19
 92
 80
 49
 96
 38
  8
 31
 76
 92
 30
 41
 49
 74
 78
 15
 38
 69
 31
 10
 39
 64
 46
  3
 95
 70
 28
 86
 17
 88
 56
 68
 97
 31
 50
 72
 59
 35
 89
 78
 10
 54
 55
 18
 76
 49
 30
 23
 87
 23
 47
 50
 38
 48
 93
 97
 81
 42
 85
 73
 42
 91
 70
 82
 68
 64
 19
 70
 16
 18
 20
  6
 64
 36
 45
 77
100
 40
 98
 29
 96
  5
 89
 50
 89
 54
 53
 96
 67
 39
 46
 22
  1
 13
 96
 80
 99
 93
 64
  8
 58
 52
 21
 45
 43
  5
 82
 75
  5
 59
 98
 95
 12
 89
 39
 40
 82
 84
 74
 69
 92
 39
 26
 55
 94
 41
 16
 80
 65
 24
 17
 98
 26
 59
 63
 71
 50
 84
 82
 73
 79
 12
 83
 54
 10
 58
 83
 96
 55
  9
 55
 35
 28
  5
 36
 45
 30
 34
 18
 78
 73
  1
  2
 82
 51
 14
 18
 32
 21
 79
  6
 97
 29
 98
 87
 69
 66
 78
 83
 47
 64
  4
 79
 50
 44
 12
 30
 79
 12
 39
 34
 67
 93
 60
 41
100
 68
 17
 72
 39
 31
  3
 98
 92
 25
 45
 57
  3
 26
 14
 33
 95
 51
 29
 81
 79
 86
 43
 32
 31
 96
 42
 14
 93
 99
 38
 44
 67
 22
 21
 85
  5
 55
 61
 97
 51
 42

 Total =    26181
