1000000
140
600
201
 50
603
541
203
699
624
413
596
358
139
661
242
 93
306
685
193
544
 46
611
548
 82
 82
522
507
415
551
485
549
 71
438
592
 72
379
294
 38
321
513
368
435
263
400
549
125
 14
624
 49
617
468
318
732
371
326
674
580
335
220
457
515
178
 35
445
 42
435
645
652
 84
 69
701
395
233
746
274
679
408
454
363
555
374
646
554
635
332
687
585
327
611
740
 54
142
201
396
644
  4
 90
427
738
308
708
382
319
500
575
231
 34
201
285
286
538
488
286
629
113
169
179
320
532
556
232
493
586
573
135
649
190
696
669
347
710
351
135
442
 52
604
227
457
 97
142
349
484
468
398
275
485
736
 34
401
452
  5
425
281
377
174
597
473
685
 55
321
516
 81
164
 87
375
164
649
637
267
328
228
208
401
664
126
338
 72
 39
344
 40
 94
613
626
525
108
517
105
644
483
329
709
396
142
642
237
600
490
302
174
 48
514
637
122
525
353
286
  2
344
 11
143
404
 56
629
538
159
558
116
465
217
637
342
127
147
  5
616
494
241
250
335
420
152
 27
278
165
389
556
375
142
577
 92
477
102
 99
186
348
718
733
547
201
343
