1000000
112
655
685
154
458
150
685
631
639
 71
627
635
200
 99
693
217
213
 16
491
580
155
455
123
582
696
216
208
446
390
428
439
406
189
619
730
628
366
441
710
732
357
487
322
630
356
364
584
379
630
203
 18
 55
724
398
643
223
583
736
186
490
655
 17
540
 35
 36
111
 42
275
405
180
164
609
739
121
216
533
125
548
436
598
230
213
503
222
457
505
610
 14
  8
711
648
161
269
186
261
 63
462
511
 18
535
307
104
680
344
143
485
388
 55
685
491
159
490
463
379
517
458
442
404
490
276
  5
428
388
559
650
168
663
420
  7
448
272
424
314
241
636
344
421
658
660
 72
189
421
 95
655
 92
 49
690
750
257
637
421
584
617
640
401
642
726
127
103
 99
 21
581
638
 68
558
548
698
279
213
407
536
364
385
396
 21
215
 84
100
251
299
523
256
313
 20
380
232
686
434
357
716
691
172
 13
673
223
466
163
728
 96
589
555
534
187
598
612
 20
731
191
655
118
 12
131
487
564
505
585
424
191
368
578
 95
 65
479
149
264
289
207
455
353
228
169
270
442
735
292
533
453
116
 94
128
319
 31
372
557
413
444
174
516
710
  7
