  0
 74
  7
 96
 69
  6
 69
 23
 49
 17
  1
  6
 23
 30
 48
  4
 20
 63
 45
 28
 35
 57
 49
  6
 70
 76
 94
 28
 86
 26
  8
 32
 34
 96
 39
 76
 66
 31
 40
 47
 31
 50
 66
 74
  6
 75
 77
 94
 57
 24
 41
  3
 18
 58
 69
 34
 54
 80
 26
 61
 84
 64
 74
 22
  3
 44
 99
 17
 72
 17
 99
 34
 77
  8
 64
  8
  6
 66
 34
 24
 21
 35
 17
 28
 39
 93
  7
  2
 51
 61
 60
 18
  2
 72
 16
 43
 57
 65
 56
 60
 95
 61
 68
 29
 82
 24
 30
 90
 86
 41
 69
 37
 71
 42
 55
 66
 61
 38
 38
 52
 73
 58
 56
 72
 37
 91
 19
 21
 53
 64
 73
 17
 82
 55
  1
 50
 91
 38
 82
 49
 14
 94
 29
 20
  8
 66
 41
 23
 65
 87
 34
 12
  8
 57
 36
 26
  7
 46
 56
 88
 42
 61
 77
 83
 85
 18
 57
  2
 72
 56
 41
 46
  4
 41
 14
 81
 63
 82
  3
 71
 24
 62
 10
 25
 60
 76
 86
 18
 22
 35
 71
 85
 47
 82
 92
 55
 55
 97
  7
 45
 16
 25
 23
 17
 39
 92
 10
 93
 80
 74
 32
 64
 74
  8
 68
 27
 53
 98
  9
 59
 89
 87
 95
 91
 63
 73
 53
 50
 30
 48
 31
 86
 87
 90
  2
  3
 45
 31
 34
 94
 82
 41
 40
 73
 80
 66
 66
 58
 45
 71
 36

 Total =    12530
