  0
 36
  6
 14
 25
 79
 19
 89
 63
 57
 98
 39
 17
 65
 44
 51
 87
 26
 31
 23
 57
 60
 58
 40
 97
 56
 81
 89
 61
 74
 33
 21
 95
 82
 80
 53
 46
 72
 65
 81
 12
 27
 96
 15
 48
 90
 56
 85
  1
  5
 48
 14
  9
  9
 39
 82
 82
  5
 55
 92
  2
 11
 80
 81
 84
 13
 95
 98
  2
 21
 25
 31
 28
 44
  4
  4
 60
 70
 88
 13
 55
 44
 70
 10
 52
 68
 29
 44
 68
 14
 26
 96
 21
 96
 75
 64
 22
 67
 28
 92
 56
 62
  6
 55
 20
 71
 43
 20
 78
 99
 35
 79
 79
  3
 26
 61
 54
  2
 50
 15
 69
 94
 89
 48
  4
 92
 18
 15
 75
 44
  4
 17
 70
  9
 99
 19
 77
 90
 61
 47
 40
 49
 49
 92
 34
 59
 84
 86
  9
 45
 78
 56
  4
 88
 91
 26
 49
 83
 87
  5
 50
 73
 91
  5
  3
 35
 59
 99
  4
 83
 51
 19
 16
 75
 66
 48
 41
 62
 43
 65
  7
 65
  7
 82
 24
 13
 39
 90
  5
 71
  2
 80
  9
 11
  4
 61
  6
 99
 27
  5
 41
 48
  3
 25
 74
 74
 15
 34
  3
 38
 96
 68
 86
 47
 28
 63
 91
 22
 14
 54
 53
 92
 39
 98
 52
 32
 23
 42
 47
 15
 22
 42
 39
 56
 29
  9
 83
 15
 18
 40
 83
 11
 13
 82
 15
 55
 57
 39
 84
 82
 43

 Total =    12284
