1000000
343
211
602
375
246
228
 57
565
 52
195
 18
 62
 18
652
271
492
525
720
143
465
173
341
468
618
221
681
662
442
707
 15
670
268
235
435
105
397
334
522
710
437
748
474
685
146
257
710
743
173
 70
714
397
458
111
386
153
648
 52
 45
291
502
441
247
 38
416
129
423
482
504
237
532
532
108
546
688
 84
648
687
 58
520
 91
 39
461
616
654
621
335
242
721
 32
478
 58
 51
402
554
535
594
223
350
541
206
276
622
747
739
658
524
519
219
245
604
195
609
453
359
506
272
282
376
708
617
742
633
579
179
311
362
238
623
207
300
228
149
178
204
  3
178
708
526
699
328
531
118
102
694
537
621
712
271
483
279
291
528
169
221
453
509
140
602
497
192
659
594
562
161
283
223
635
 34
258
672
449
 88
 83
698
435
138
 98
210
236
118
361
282
617
632
328
165
509
213
  5
187
281
183
601
709
139
262
258
 77
542
663
 36
176
 59
660
487
352
456
146
256
536
358
736
102
500
512
476
576
 39
 39
678
437
142
102
546
467
336
575
329
125
 89
138
488
485
  1
116
477
584
473
651
172
460
549
613
 93
332
444
590
185
634
639
600
699
 28
436
260
482
144
134
315
148
341
298
538
217
157
 37
715
491
 92
413
 89
172
436
690
524
298
724
563
148
580
296
 46
467
233
157
464
508
 85
552
425
256
161
685
 68
628
684
329
360
431
113
 18
381
648
435
429
112
611
 95
569
593
 49
497
569
346
399
524
360
425
716
544
679
449
522
114
 59
721
407
485
504
372
447
495
258
600
276
649
258
 96
561
626
498
536
388
707
477
258
679
686
441
158
652
148
603
263
407
180
665
667
545
285
636
509
557
592
 87
124
222
139
438
456
718
124
683
470
 46
316
245
505
144
464
101
577
 81
170
155
748
695
189
696
 96
369
749
728
639
503
742
461
521
105
626
 53
 17
 84
517
710
115
680
597
128
135
220
590
633
311
142
497
257
250
594
706
416
724
613
679
691
507
355
366
319
732
314
572
203
221
 50
427
649
391
 77
213
159
497
479
703
719
356
406
 10
244
691
329
592
594
488
179
487
378
657
278
670
101
592
142
399
399
 90
598
144
 70
 79
382
131
203
481
453
293
470
130
493
324
578
529
596
425
508
425
351
382
 78
304
630
417
736
211
329
722
427
468
196
 45
