  0
 96
 70
 11
 77
 71
 10
 86
 31
 51
100
 71
 98
 66
  7
 50
 98
 31
 18
 49
 81
 69
 66
 21
 65
 12
 13
 29
 65
 24
 49
 24
 34
100
 48
 67
 24
 84
 98
 16
 49
 29
 59
 12
 23
 70
 94
 30
 74
 38
  2
 65
 30
  2
 71
 10
 23
 67
 63
 70
 71
 23
  1
 61
 90
 55
 66
  7
 76
 20
 59
 28
 47
 67
  3
 29
 21
 98
 48
 59
 92
 21
 33
 54
 37
 32
 57
 21
  2
 11
 88
 24
 28
 54
 62
  4
 59
 43
 84
 76
 44
 42
 50
 93
 36
 21
 59
 18
 58
 27
 86
 79
 83
  6
 53
 31
 42
 79
 40
 32
 44
 12
 74
 32
 62
 96
 71
  8
 19
 62
 94
 42
 66
 92
 10
 46
  6
 20
 90
 56
 35
 57
 92
 79
 99
 52
 41
 57
  7
 43
 73
 86
 30
 60
 93
  1
 44
  7
 70
  7
 76
 92
 30
 97
 92
 75
 89
 16
 63
 25
 54
 84
 34
 28
 72
 10
 11
 10
 30
  6
 44
 23
 89
 60
 83
 25
 88
 27
 59
  5
 46
 99
 13
 59
 95
 13
  5
 51
 24
 80
 83
 37
  1
 55
  3
 55
 22
 75
 76
  3
 39
 24
 16
 44
  2
 37
 74
 14
 63
 50
 62
 87
 19
 11
 34
 85
 90
 66
 63
 99
 77
 90
 22
  2
 34
  9
 59
 14
 73
 82
 49
 50
 44
  1
 58
 50
 32
 88
 29
 31
 96
 52
 90
 46
 77
 96
 55
 60
 81
 72
 77
  7
 91
 94
 19
 78
 60
 36
 43
 56
 15
 24
 59
 32
 17
 88
 63
 80
 32
 36
 25
 91
 24
 75
 83
  3
 43
 32
 79
 64
 79
 67
 82
  2
 56
 53
 78
 69
  2
 29
 74
 25
 37
 24
 96
 86
 17
 63
 28
 92
 58
 24
 72
 34
 28
 36
 82
 40
  7
 42
  8
 79
 25
 13
 81
 76
 38
 51
 51
 94
  9
 36
 76
  4
 34
 15
 36
 34
  7
 86
 18
 29
 43
  1
 57
 85
 55
 71
 26
 24
 15
 69
 86
  4
 77
  4
  7
 24
 15
 76
 59
100
  8
 59
 21
 71
  5
 33
 92
 31
 88
 44
 91
 73
 46
 89
 22
 73
 72
 43
 93
 94
 43
 72
 68
 97
 13
 53
 54
 23
 14
 37
 55
 67
 91
 96
 80
 58
 73
 86
 59
 52
 72
 27
 62
 41
 89
 55
 72
 32
 17
 69
  2
 10
 33
 63
 39
 20
 90
 85
 94
 47
 58
 87
 55
 20
 84
 58
 76
 14
 47
 51
 49
 38
 79
 37
 26
 92
 76
 14
 81
 54
  9
 35
 62
 21
 85
 16
 53
 49
 28
 42
 68
 14
 24
 13
 17
 76
 31
 52
 74
 64
 74
 25
  7
 39
 96
 84
 66
 39
 28
 59
 36
 75
 62
 97
 13
 64
 27
 45
  6
 82
 31
 40
 35
 10
 97
 35
 79
  6
 81
 52
 10
 90
 17
 93
  4
  5
  6
 68
  3

 Total =    25156
